33,84
33,83
33,82
33,81
33,80
30,5
25,5
30,4
30,1
30,3
31,5
31,1
31,3
25,4
25,1
25,3
24,1
24,3
28,4
29,1
29,3
28,5
28,1
28,3
27,1
27,3
14,5
42,35
33,79
10,214
10,98
10,20
10,186
10,126
10,218
10,202
10,14
10,3
11,15
11,30
11,7
11,19
11,26
8,18
8,15
8,4
8,8
0,318
35,7
35,6
35,5
35,4
35,3
35,2
35,1
35,0
34,5
34,4
34,3
34,2
34,1
34,0
33,78
33,77
33,76
33,75
33,74
33,73
33,72
33,71
33,70
33,69
33,68
33,67
33,66
33,65
33,64
33,37
33,36
33,35
33,34
33,33
33,32
33,31
33,30
33,29
33,28
33,27
33,26
33,25
33,24
33,23
33,22
33,21
33,20
33,19
33,18
33,17
33,16
33,15
33,14
33,13
33,12
33,11
33,10
33,9
33,8
33,7
33,6
33,5
33,4
33,3
33,1
20,3
20,2
20,1
19,3
19,2
19,1
12,3
12,2
12,1
11,29
11,28
11,27
11,25
11,22
11,21
11,20
11,18
11,17
11,16
11,11
11,10
11,8
11,4
11,3
11,2
11,1
